id,Status_C,Status_CL,Status_D
7905.0,0.47342136859788825,0.02534194032774042,0.5012366910743713
7906.0,0.5621069182389936,0.20518867924528303,0.23270440251572327
7907.0,0.1867138364779874,0.02358490566037736,0.7897012578616354
7908.0,0.9132025272945087,0.0047169811320754715,0.08208049157341611
7909.0,0.47237196765498646,0.05188679245283019,0.47574123989218337
7910.0,0.9756707816554515,0.009433962264150943,0.014895256080397589
7911.0,0.9114675578634424,0.0047169811320754715,0.08381546100448237
7912.0,0.16630213527512727,0.039869598044961735,0.7938282666799109
7913.0,0.02437106918238994,0.007075471698113208,0.9685534591194971
7914.0,0.45086477987421386,0.009149918216897113,0.539985301908889
7915.0,0.396619496855346,0.01883668343540453,0.5845438197092494
7916.0,0.569343972953489,0.0023584905660377358,0.4282975364804733
7917.0,0.23880900306848588,0.13619099693151399,0.6249999999999999
7918.0,0.7310338050314467,0.0023584905660377358,0.26660770440251563
7919.0,0.29166666666666663,0.11556603773584906,0.5927672955974842
7920.0,0.7919025157232704,0.02830188679245283,0.17979559748427676
7921.0,0.7351205791064281,0.018867924528301886,0.24601149636527003
7922.0,0.11871069182389936,0.02122641509433962,0.8600628930817609
7923.0,0.7518972516458861,0.0,0.24810274835411386
7924.0,0.3008689762980743,0.2597976457857696,0.43933337791615623
7925.0,0.003537735849056604,0.0,0.9964622641509434
7926.0,0.535436228998937,0.007075471698113208,0.4574882993029499
7927.0,0.8808939072659855,0.0015839227895706398,0.11752216994444416
7928.0,0.05935534591194968,0.014150943396226415,0.926493710691824
7929.0,0.7468553459119495,0.0330188679245283,0.2201257861635221
7930.0,0.257771508289919,0.13070267753236925,0.6115258141777116
7931.0,0.7150712171661119,0.01650943396226415,0.26841934887162405
7932.0,0.14115994608778756,0.06065753821593861,0.7981825156962739
7933.0,0.32058931047626577,0.01650943396226415,0.6629012555614704
7934.0,0.9269300377208518,0.0023584905660377358,0.07071147171311046
7935.0,0.8301468371683587,0.0,0.1698531628316413
7936.0,0.786229035639413,0.08473893383693645,0.12903203052365056
7937.0,0.16584306678646307,0.04245283018867924,0.7917041030248576
7938.0,0.8851487652442458,0.007075471698113208,0.1077757630576407
7939.0,0.1831206358414102,0.16145461925152962,0.6554247449070605
7940.0,0.5177967432607278,0.31150654134722033,0.1706967153920519
7941.0,0.10338050314465408,0.12971698113207547,0.7669025157232704
7942.0,0.9296573709309559,0.007075471698113208,0.06326715737093096
7943.0,0.09512578616352203,0.05660377358490566,0.8482704402515724
7944.0,0.917349117667569,0.0,0.08265088233243115
7945.0,0.8874523496693671,0.0023584905660377358,0.11018915976459494
7946.0,0.8140723270440254,0.02830188679245283,0.15762578616352205
7947.0,0.706431991750388,0.0047169811320754715,0.2888510271175365
7948.0,0.1332547169811321,0.044427409895533204,0.8223178731233348
7949.0,0.24896775169116483,0.13355188569515208,0.617480362613683
7950.0,0.9442331842685618,0.0047169811320754715,0.0510498345993629
7951.0,0.33494979587333107,0.06749303329610318,0.5975571708305658
7952.0,0.15113993710691823,0.0660377358490566,0.7828223270440252
7953.0,0.0047169811320754715,0.0,0.9952830188679244
7954.0,0.6958202306079666,0.014150943396226415,0.2900288259958071
7955.0,0.20833333333333334,0.0330188679245283,0.7586477987421383
7956.0,0.16457023060796644,0.0029530610576671704,0.8324767083343667
7957.0,0.829414996346509,0.007075471698113208,0.163509531955378
7958.0,0.007468553459119498,0.0,0.9925314465408805
7959.0,0.4939012769201448,0.07075471698113207,0.43534400609872315
7960.0,0.14128827147695072,0.03289157334033425,0.825820155182715
7961.0,0.8759124828700301,0.014150943396226415,0.10993657373374359
7962.0,0.13332618639222416,0.014150943396226415,0.8525228702115494
7963.0,0.16365856110158192,0.09725679711292937,0.7390846417854888
7964.0,0.01690251572327044,0.03537735849056604,0.9477201257861635
7965.0,0.8514150943396226,0.0047169811320754715,0.1438679245283019
7966.0,0.38109276729559743,0.0660377358490566,0.5528694968553459
7967.0,0.6639297513538701,0.037639072287650496,0.2984311763584794
7968.0,0.8174234647338102,0.0,0.1825765352661895
7969.0,0.3092430368373764,0.05188679245283019,0.6388701707097932
7970.0,0.8090144793623569,0.0023584905660377358,0.18862703007160558
7971.0,0.947341603234243,0.0,0.05265839676575684
7972.0,0.37816563386167934,0.11440037242058566,0.507433993717735
7973.0,0.830245301737047,0.018867924528301886,0.1508867737346511
7974.0,0.30730916455297697,0.14702024245133152,0.5456705929956913
7975.0,0.74206831561922,0.04245283018867924,0.2154788541921006
7976.0,0.8128930817610065,0.0,0.1871069182389937
7977.0,0.9005503144654088,0.014150943396226415,0.08529874213836477
7978.0,0.042769166391423426,0.012486904442425993,0.9447439291661505
7979.0,0.28398370497427095,0.07547169811320754,0.6405445969125214
7980.0,0.7262763596004439,0.007075471698113208,0.2666481687014428
7981.0,0.5345911949685535,0.08018867924528301,0.38522012578616344
7982.0,0.6871069182389936,0.018776620126612072,0.29411646163439426
7983.0,0.666582526395327,0.10795847933229401,0.225458994272379
7984.0,0.2419680293501048,0.023442658936748524,0.7345893117131465
7985.0,0.24929641667987945,0.03537735849056604,0.7153262248295545
7986.0,0.22971093372036772,0.08962264150943396,0.6806664247701983
7987.0,0.6444575471698112,0.030660377358490566,0.3248820754716981
7988.0,0.6324204056453313,0.05188679245283019,0.31569280190183874
7989.0,0.8247975408482199,0.03773584905660377,0.1374666100951766
7990.0,0.2849842767295597,0.03537735849056604,0.6796383647798743
7991.0,0.052824141267537504,0.0,0.9471758587324624
7992.0,0.8584155498295917,0.0,0.14158445017040822
7993.0,0.47602448674623377,0.027700430893778154,0.4962750823599881
7994.0,0.876602119913286,0.007075471698113208,0.11632240838860076
7995.0,0.899211080625071,0.0023584905660377358,0.09843042880889118
7996.0,0.1033805031446541,0.10377358490566038,0.7928459119496856
7997.0,0.8188994745117512,0.009433962264150943,0.17166656322409796
7998.0,0.0023584905660377358,0.0023584905660377358,0.9952830188679245
7999.0,0.0011792452830188679,0.0,0.9988207547169812
8000.0,0.5886923480083858,0.10613207547169812,0.30517557651991617
8001.0,0.6816037735849058,0.04481132075471698,0.27358490566037735
8002.0,0.6115837259260118,0.08686640884487762,0.30154986522911054
8003.0,0.7060811795446709,0.14847856888300212,0.14544025157232704
8004.0,0.11889594616386424,0.0023584905660377358,0.8787455632700983
8005.0,0.586286486050637,0.03537735849056604,0.378336155458797
8006.0,0.5739006796984631,0.03957168998131094,0.386527630320226
8007.0,0.7272012578616355,0.0047169811320754715,0.2680817610062893
8008.0,0.8892942339033164,0.03264778643429458,0.07805797966238899
8009.0,0.6545585269548022,0.0772287327805706,0.26821274026462694
8010.0,0.9014948853357349,0.028195550015077602,0.0703095646491873
8011.0,0.7426100628930817,0.009433962264150943,0.24795597484276735
8012.0,0.70777944539737,0.018867924528301886,0.2733526300743282
8013.0,0.22667145200984412,0.04245283018867924,0.7308757178014768
8014.0,0.8610826343256777,0.04449988379217816,0.09441748188214413
8015.0,0.68986856528428,0.0023584905660377358,0.3077729441496827
8016.0,0.9406918238993711,0.030660377358490566,0.028647798742138363
8017.0,0.43588364269378427,0.007075471698113208,0.5570408856081027
8018.0,0.465614708193795,0.01875796706706898,0.515627324739136
8019.0,0.9828354297693921,0.0023584905660377358,0.01480607966457023
8020.0,0.5809748427672956,0.01650943396226415,0.4025157232704404
8021.0,0.04363207547169811,0.02122641509433962,0.9351415094339622
8022.0,0.10893328162642835,0.12054888622274498,0.7705178321508266
8023.0,0.5313850734625134,0.08686997854121542,0.38174494799627123
8024.0,0.7079149820305483,0.0023584905660377358,0.2897265274034142
8025.0,0.28570837471036076,0.01650943396226415,0.6977821913273752
8026.0,0.9929245283018869,0.0,0.007075471698113209
8027.0,0.9194182389937108,0.014150943396226415,0.06643081761006288
8028.0,0.08821409853249476,0.018867924528301886,0.8929179769392034
8029.0,0.2385023584905661,0.030660377358490566,0.7308372641509435
8030.0,0.8529499850254568,0.0,0.14705001497454329
8031.0,0.695103383826837,0.07021773373484658,0.23467888243831642
8032.0,0.8671384588185732,0.01650943396226415,0.11635210721916284
8033.0,0.2137457041607585,0.11551238476716398,0.6707419110720774
8034.0,0.2606132075471698,0.01650943396226415,0.7228773584905658
8035.0,0.8645007103965735,0.0,0.1354992896034267
8036.0,0.3570552083595612,0.6102253686729432,0.032719422967495644
8037.0,0.2614961478381357,0.08009190247632975,0.6584119496855345
8038.0,0.6544811320754716,0.045966899523405366,0.29955196840112297
8039.0,0.09584344457441843,0.056121964230613004,0.8480345911949684
8040.0,0.34787735849056595,0.030660377358490566,0.6214622641509434
8041.0,0.058962264150943404,0.009433962264150943,0.9316037735849056
8042.0,0.12688679245283022,0.054245283018867926,0.818867924528302
8043.0,0.8565251572327043,0.009433962264150943,0.13404088050314464
8044.0,0.11084905660377359,0.0023584905660377358,0.8867924528301886
8045.0,0.38775535210689593,0.0330188679245283,0.5792257799685758
8046.0,0.6480614973262031,0.0,0.3519385026737968
8047.0,0.7980581291157259,0.009433962264150943,0.19250790862012315
8048.0,0.8275190331923533,0.018867924528301886,0.15361304227934464
8049.0,0.5995769801187852,0.17911798843467386,0.22130503144654087
8050.0,0.243317610062893,0.007075471698113208,0.7496069182389936
8051.0,0.0440251572327044,0.0023584905660377358,0.953616352201258
8052.0,0.8993710691823898,0.06839622641509434,0.03223270440251572
8053.0,0.17812909223255866,0.05622544660464797,0.7656454611627933
8054.0,0.793197892082264,0.0047169811320754715,0.20208512678566057
8055.0,0.2615785933135013,0.06339520123576503,0.6750262054507338
8056.0,0.8533805031446541,0.0330188679245283,0.1136006289308176
8057.0,0.8593261549300891,0.0,0.14067384506991085
8058.0,0.5251572327044026,0.08018867924528301,0.39465408805031454
8059.0,0.7434123906225446,0.014150943396226415,0.24243666598122893
8060.0,0.2788274867113237,0.12715479273793692,0.5940177205507394
8061.0,0.20518867924528306,0.02534194032774042,0.7694693804269765
8062.0,0.1297169811320755,0.007075471698113208,0.8632075471698114
8063.0,0.8666002622898757,0.05607815598995765,0.07732158172016662
8064.0,0.08152515723270441,0.07547169811320754,0.8430031446540879
8065.0,0.8111429320155737,0.04245283018867924,0.14640423779574727
8066.0,0.9080188679245285,0.030660377358490566,0.06132075471698113
8067.0,0.2575696316262354,0.009433962264150943,0.7329964061096135
8068.0,0.654638364779874,0.0023584905660377358,0.34300314465408793
8069.0,0.7900807850791586,0.014150943396226415,0.19576827152461504
8070.0,0.9267399777286366,0.004115525233400796,0.06914449703796231
8071.0,0.6511534963732388,0.009433962264150943,0.3394125413626104
8072.0,0.7925442089357183,0.02358490566037736,0.18387088540390434
8073.0,0.9657618440004543,0.01179245283018868,0.0224457031693571
8074.0,0.6887353212824913,0.0047169811320754715,0.3065476975854335
8075.0,0.9970601878979648,0.0,0.0029398121020352366
8076.0,0.870568626249814,0.0047169811320754715,0.12471439261811075
8077.0,0.12454550174018847,0.09631225216150249,0.7791422460983091
8078.0,0.2244615187917565,0.022381993863028006,0.7531564873452156
8079.0,0.8651596605623381,0.02122641509433962,0.11361392434332225
8080.0,0.8773756506544509,0.009433962264150943,0.11319038708139825
8081.0,0.8633976918383135,0.0023584905660377358,0.13424381759564893
8082.0,0.4788629216695254,0.051804764773107206,0.4693323135573674
8083.0,0.24803459119496857,0.0330188679245283,0.7189465408805034
8084.0,0.0027515723270440254,0.0047169811320754715,0.9925314465408804
8085.0,0.9108107591740157,0.011190996931514003,0.07799824389447031
8086.0,0.02279874213836478,0.0023584905660377358,0.9748427672955976
8087.0,0.6771580386513659,0.014150943396226415,0.3086910179524077
8088.0,0.16312893081761004,0.004115525233400796,0.8327555439489889
8089.0,0.06839622641509434,0.0047169811320754715,0.9268867924528302
8090.0,0.011399371069182391,0.0023584905660377358,0.9862421383647799
8091.0,0.9590239085544008,0.0,0.04097609144559901
8092.0,0.014937106918238994,0.01650943396226415,0.9685534591194969
8093.0,0.6868332924936696,0.05660377358490566,0.25656293392142443
8094.0,0.36122903563941305,0.05178384551645838,0.5869871188441286
8095.0,0.3869708744663152,0.059249085655947706,0.5537800398777368
8096.0,0.35888364779874216,0.02358490566037736,0.6175314465408804
8097.0,0.18478586403114702,0.030660377358490566,0.7845537586103626
8098.0,0.8148584905660379,0.018867924528301886,0.16627358490566038
8099.0,0.6047487110861378,0.0047169811320754715,0.39053430778178666
8100.0,0.0793837975441749,0.009279219373557945,0.9113369830822674
8101.0,0.4099842767295598,0.06367924528301887,0.5263364779874213
8102.0,0.42374213836478003,0.06839622641509434,0.5078616352201257
8103.0,0.31702088969718123,0.15532333072278395,0.5276557795800346
8104.0,0.515834964548262,0.04211808474127537,0.4420469507104626
8105.0,0.003537735849056604,0.0,0.9964622641509435
8106.0,0.9782202793544761,0.0,0.021779720645523897
8107.0,0.03069004643834974,0.021078069695043725,0.9482318838666065
8108.0,0.8466981132075471,0.02122641509433962,0.1320754716981132
8109.0,0.7151892918402352,0.007075471698113208,0.2777352364616515
8110.0,0.9448780889097603,0.007653417314853391,0.04746849377538639
8111.0,0.45229524102739443,0.26023317829317927,0.28747158067942613
8112.0,0.6488162803714965,0.009433962264150943,0.3417497573643521
8113.0,0.01965408805031446,0.009054577052040857,0.9712913348976447
8114.0,0.13934748427672958,0.08726415094339622,0.7733883647798742
8115.0,0.919552377366459,0.0,0.08044762263354073
8116.0,0.629107458734737,0.02093201321988249,0.3499605280453803
8117.0,0.07554469901168015,0.01179245283018868,0.9126628481581311
8118.0,0.27555031446540873,0.17859541292234501,0.5458542726122461
8119.0,0.38987320449371077,0.09142841833960764,0.5186983771666815
8120.0,0.9003163372267149,0.04481132075471698,0.054872342018568415
8121.0,0.35133086253369256,0.07311320754716981,0.5755559299191374
8122.0,0.9405463836477987,0.0047169811320754715,0.054736635220125784
8123.0,0.9452747045565061,0.01650943396226415,0.038215861481229706
8124.0,0.15104203751956097,0.1317268671720255,0.7172310953084136
8125.0,0.6357289266983154,0.015907978063589474,0.34836309523809533
8126.0,0.6102745524915336,0.025943396226415096,0.3637820512820514
8127.0,0.2666404612159326,0.0023584905660377358,0.7310010482180292
8128.0,0.20187556154537284,0.05188679245283019,0.7462376460017969
8129.0,0.9250971865805828,0.0469940083879706,0.027908805031446538
8130.0,0.4097265524978249,0.03277731601413783,0.5574961314880373
8131.0,0.07272012578616352,0.014150943396226415,0.9131289308176102
8132.0,0.5468710294771617,0.11320754716981132,0.3399214233530271
8133.0,0.801309003068486,0.04656835542208004,0.15212264150943397
8134.0,0.40076043323810984,0.07526157934050645,0.5239779874213837
8135.0,0.019654088050314468,0.0047169811320754715,0.9756289308176099
8136.0,0.05778301886792453,0.01179245283018868,0.9304245283018869
8137.0,0.30845687331536387,0.01650943396226415,0.6750336927223719
8138.0,0.16318055304614162,0.04009433962264151,0.7967251073312168
8139.0,0.03719989719400098,0.014150943396226415,0.9486491594097727
8140.0,0.6761006289308176,0.03537735849056604,0.28852201257861637
8141.0,0.881566793767668,0.0,0.11843320623233185
8142.0,0.7523114394272165,0.18558164233379,0.0621069182389937
8143.0,0.5546169212450378,0.3996909388034006,0.04569213995156162
8144.0,0.2134433962264151,0.09137967617679703,0.6951769275967878
8145.0,0.8438136530582401,0.01354948749755174,0.142636859444208
8146.0,0.6601423733499208,0.04245283018867924,0.2974047964614003
8147.0,0.2598663522012578,0.014150943396226415,0.725982704402516
8148.0,0.856132075471698,0.02122641509433962,0.12264150943396226
8149.0,0.8077044025157231,0.04245283018867924,0.14984276729559745
8150.0,0.8344634433962266,0.01179245283018868,0.1537441037735849
8151.0,0.07791080712450298,0.013662905375562617,0.9084262874999343
8152.0,0.8923829489867224,0.02122641509433962,0.0863906359189378
8153.0,0.6312568201531445,0.005872559900763857,0.36287061994609154
8154.0,0.9532232704402515,0.0023584905660377358,0.04441823899371069
8155.0,0.1043238993710692,0.01650943396226415,0.8791666666666668
8156.0,0.9209905660377359,0.03773584905660377,0.04127358490566039
8157.0,0.5940454419332054,0.0023584905660377358,0.4035960675007568
8158.0,0.934162933997192,0.03289157334033425,0.03294549266247379
8159.0,0.2504894532873926,0.05173567025258938,0.6977748764600179
8160.0,0.5301765844218673,0.02358490566037736,0.4462385099177553
8161.0,0.7973221305031447,0.04245283018867924,0.1602250393081761
8162.0,0.09974809239428842,0.28508252877722695,0.6151693788284844
8163.0,0.3376360667634252,0.007075471698113208,0.6552884615384615
8164.0,0.7096186577590227,0.1186467374233206,0.17173460481765668
8165.0,0.020047169811320757,0.0,0.9799528301886794
8166.0,0.3949292452830189,0.02358490566037736,0.5814858490566037
8167.0,0.2769916142557652,0.09905660377358491,0.6239517819706498
8168.0,0.4928361638703107,0.01179245283018868,0.4953713832995006
8169.0,0.5928291932124479,0.02358490566037736,0.3835859011271749
8170.0,0.5330764244658253,0.04935563226290141,0.4175679432712731
8171.0,0.02122641509433963,0.01650943396226415,0.9622641509433962
8172.0,0.0027645310664178584,0.0,0.9972354689335822
8173.0,0.5751559632362008,0.018266468629627212,0.40657756813417195
8174.0,0.8125485050906002,0.0023584905660377358,0.18509300434336218
8175.0,0.8814641541856117,0.0047169811320754715,0.11381886468231277
8176.0,0.6323899371069186,0.014150943396226415,0.35345911949685543
8177.0,0.1271737829426998,0.09725223607756088,0.7755739809797392
8178.0,0.3919025157232705,0.1320754716981132,0.47602201257861637
8179.0,0.4420350665496563,0.009433962264150943,0.5485309711861929
8180.0,0.44339847307643926,0.11277066391001435,0.4438308630135463
8181.0,0.14994258744892008,0.05789236105698383,0.7921650514940959
8182.0,0.9756289308176099,0.0,0.024371069182389935
8183.0,0.31113604709364323,0.08902118561075929,0.5998427672955975
8184.0,0.6784827860111856,0.02709897499510348,0.29441823899371067
8185.0,0.943003144654088,0.02830188679245283,0.028694968553459124
8186.0,0.5695754716981133,0.09905660377358491,0.3313679245283018
8187.0,0.34316037735849064,0.08446743838134947,0.57237218426016
8188.0,0.8611565721828125,0.0023584905660377358,0.13648493725114988
8189.0,0.17948158152108068,0.09164408543976509,0.7288743330391542
8190.0,0.08991975195913503,0.5034859565385977,0.4065942915022673
8191.0,0.9107523952070516,0.014150943396226415,0.07509666139672166
8192.0,0.6987520930327533,0.0047169811320754715,0.29653092583517116
8193.0,0.8488764713804922,0.009433962264150943,0.1416895663553569
8194.0,0.7525668647037059,0.04892684598811778,0.1985062893081761
8195.0,0.7816690409199097,0.0,0.21833095908009015
8196.0,0.933800351901767,0.0047169811320754715,0.06148266696615752
8197.0,0.7263972269868499,0.0047169811320754715,0.26888579188107486
8198.0,0.34678234501347716,0.04481132075471698,0.6084063342318058
8199.0,0.890425154219589,0.031238322975230746,0.07833652280518015
8200.0,0.9640958799185769,0.0047169811320754715,0.031187138949347604
8201.0,0.060141509433962265,0.01179245283018868,0.9280660377358491
8202.0,0.2263507387635572,0.03277731601413783,0.7408719452223046
8203.0,0.8523226316811842,0.012287368053256831,0.13539000026555886
8204.0,0.10662775174633404,0.037325471002085296,0.8560467772515808
8205.0,0.8810945039822675,0.0,0.1189054960177324
8206.0,0.14897798742138368,0.009433962264150943,0.8415880503144656
8207.0,0.9929245283018869,0.0,0.007075471698113209
8208.0,0.16024355179925964,0.05376079513676215,0.7859956530639784
8209.0,0.244496855345912,0.03773584905660377,0.7177672955974842
8210.0,0.7505965188127552,0.0,0.24940348118724484
8211.0,0.1534976370856461,0.044367335868816596,0.8021350270455371
8212.0,0.8903297495885185,0.0,0.10967025041148168
8213.0,0.9373104804654386,0.0023584905660377358,0.060331028968523825
8214.0,0.07400980832584607,0.025943396226415096,0.9000467954477388
8215.0,0.874988379558594,0.046788350001154604,0.07822327044025157
8216.0,0.8809722230713442,0.02353757263171639,0.09549020429693951
8217.0,0.6925838574423481,0.09905660377358491,0.2083595387840671
8218.0,0.09742028667544245,0.018499078033717364,0.88408063529084
8219.0,0.7948113207547169,0.08490566037735849,0.12028301886792454
8220.0,0.8764805340156098,0.01876497759193008,0.10475448839246007
8221.0,0.4405374499714123,0.01179245283018868,0.547670097198399
8222.0,0.4743935309973046,0.018867924528301886,0.5067385444743936
8223.0,0.5377358490566037,0.04716981132075472,0.4150943396226417
8224.0,0.4091444328378781,0.1173230724032121,0.4735324947589098
8225.0,0.21933962264150944,0.05188679245283019,0.7287735849056604
8226.0,0.0031446540880503146,0.0023584905660377358,0.994496855345912
8227.0,0.9186320754716981,0.014150943396226415,0.06721698113207546
8228.0,0.8495945051307515,0.01179245283018868,0.13861304203905994
8229.0,0.22798742138364783,0.018867924528301886,0.7531446540880503
8230.0,0.5906053459119499,0.08490566037735849,0.32448899371069184
8231.0,0.5369133406409226,0.21763554886978317,0.24545111048929402
8232.0,0.5847767601894972,0.0,0.4152232398105037
8233.0,0.10966981132075468,0.030660377358490566,0.8596698113207545
8234.0,0.8782608125768504,0.0047169811320754715,0.11702220629107422
8235.0,0.3339673218423285,0.07998194501509683,0.5860507331425745
8236.0,0.1074567655401043,0.022741897851312212,0.8698013366085835
8237.0,0.6878178340650594,0.01179245283018868,0.300389713104752
8238.0,0.22279312668463608,0.02122641509433962,0.7559804582210242
8239.0,0.1155432145001075,0.2660739543288162,0.6183828311710761
8240.0,0.7006764260965154,0.07021969182938433,0.22910388207410048
8241.0,0.14268867924528303,0.007075471698113208,0.8502358490566038
8242.0,0.6249438454627134,0.0047169811320754715,0.37033917340521105
8243.0,0.408496556226775,0.07067011043989156,0.5208333333333334
8244.0,0.8384480697771381,0.0,0.16155193022286177
8245.0,0.8242924528301886,0.05188679245283019,0.12382075471698113
8246.0,0.39439484126984137,0.0047169811320754715,0.6008881775980836
8247.0,0.9127358490566039,0.049528301886792456,0.03773584905660378
8248.0,0.9547888866740548,0.01179245283018868,0.033418660495756404
8249.0,0.7428689409821486,0.0047169811320754715,0.25241407788577597
8250.0,0.8805332218721422,0.07780011146119124,0.04166666666666667
8251.0,0.5808273886978343,0.0,0.4191726113021659
8252.0,0.5640723270440251,0.08018867924528301,0.3557389937106919
8253.0,0.8302541928721174,0.02122641509433962,0.148519392033543
8254.0,0.5580974842767296,0.05660377358490566,0.3852987421383648
8255.0,0.47051886792452824,0.11084905660377359,0.41863207547169834
8256.0,0.7295597484276729,0.01650943396226415,0.25393081761006286
8257.0,0.8956783476953663,0.04575246991469698,0.05856918238993709
8258.0,0.028694968553459117,0.0047169811320754715,0.9665880503144654
8259.0,0.10003930817610064,0.05504776840978162,0.844912923414118
8260.0,0.8764791335794618,0.0,0.12352086642053822
8261.0,0.7727987421383646,0.08490566037735849,0.14229559748427673
8262.0,0.8679245283018872,0.0023584905660377358,0.1297169811320755
8263.0,0.7024597587787894,0.11436414059227967,0.18317610062893083
8264.0,0.7154003405644752,0.0,0.2845996594355247
8265.0,0.45243040309979815,0.0589622641509434,0.48860733274925855
8266.0,0.0,0.0,1.0
8267.0,0.7862468246808361,0.07251175164849513,0.14124142367066897
8268.0,0.7472484276729559,0.03773584905660377,0.2150157232704403
8269.0,0.8793238993710694,0.01179245283018868,0.10888364779874217
8270.0,0.6294811320754716,0.018867924528301886,0.3516509433962264
8271.0,0.8225792706668418,0.06587919451537336,0.11154153481778503
8272.0,0.8973982170974686,0.0,0.10260178290253145
8273.0,0.7050170997630956,0.01871193587631758,0.2762709643605869
8274.0,0.595193043150174,0.05188679245283019,0.3529201643969956
8275.0,0.29756289308176104,0.07311320754716981,0.6293238993710691
8276.0,0.32625786163522014,0.05660377358490566,0.6171383647798742
8277.0,0.8504323899371071,0.0023584905660377358,0.14720911949685536
8278.0,0.6596025459926681,0.02122641509433962,0.3191710389129923
8279.0,0.6836038660747317,0.009433962264150943,0.3069621716611172
8280.0,0.05110062893081761,0.03537735849056604,0.9135220125786164
8281.0,0.601808176100629,0.07783018867924528,0.3203616352201258
8282.0,0.9603459119496854,0.02122641509433962,0.018427672955974844
8283.0,0.7727852785843906,0.01179245283018868,0.21542226858542066
8284.0,0.8979956111729916,0.01179245283018868,0.09021193599681973
8285.0,0.030267295597484277,0.009433962264150943,0.9602987421383649
8286.0,0.9737744629810386,0.007075471698113208,0.019150065320848248
8287.0,0.5271047741566609,0.007075471698113208,0.4658197541452258
8288.0,0.8761578860296051,0.0,0.12384211397039484
8289.0,0.19956046312178385,0.02417947615200679,0.7762600607262093
8290.0,0.15369496855345913,0.025943396226415096,0.8203616352201257
8291.0,0.3474842767295596,0.01650943396226415,0.6360062893081762
8292.0,0.6556603773584906,0.0047169811320754715,0.33962264150943394
8293.0,0.7549921383647797,0.0,0.24500786163522015
8294.0,0.9668442126752539,0.009433962264150943,0.023721825060595267
8295.0,0.9874213836477987,0.007075471698113208,0.005503144654088051
8296.0,0.4368753729290224,0.0650168621404138,0.4981077649305638
8297.0,0.7745628454354869,0.0047169811320754715,0.22072017343243758
8298.0,0.9774633123689727,0.0023584905660377358,0.020178197064989523
8299.0,0.7616550782355116,0.06418603512437161,0.1741588866401166
8300.0,0.831310491582365,0.011292758384961306,0.15739675003267356
8301.0,0.4934142847539921,0.03048037480167968,0.4761053404443282
8302.0,0.13128930817610063,0.09842134375164695,0.7702893480722524
8303.0,0.7275532689655883,0.04716981132075472,0.22527691971365674
8304.0,0.055147345834007454,0.01740920074355135,0.9274434534224412
8305.0,0.8867924528301887,0.0023584905660377358,0.11084905660377359
8306.0,0.71063310180158,0.0047169811320754715,0.28464991706634446
8307.0,0.012971698113207548,0.014150943396226415,0.9728773584905662
8308.0,0.7752358490566039,0.0,0.22476415094339622
8309.0,0.22641509433962262,0.04716981132075472,0.7264150943396226
8310.0,0.7052672955974844,0.007075471698113208,0.2876572327044026
8311.0,0.9037021154945681,0.0,0.09629788450543168
8312.0,0.8306973732889381,0.030660377358490566,0.13864224935257122
8313.0,0.8894631578406144,0.0153065221649148,0.09523031999447093
8314.0,0.977962839117268,0.0,0.022037160882732026
8315.0,0.8124213836477988,0.04009433962264151,0.14748427672955972
8316.0,0.6842653043459336,0.1443273813409937,0.17140731431307266
8317.0,0.3591982365355145,0.2656356827831417,0.37516608068134377
8318.0,0.42890257532460846,0.06764364831617885,0.5034537763592126
8319.0,0.020440251572327046,0.04009433962264151,0.9394654088050314
8320.0,0.9135220125786163,0.03773584905660377,0.04874213836477987
8321.0,0.5938952079234704,0.053955576396068836,0.3521492156804607
8322.0,0.23034591194968548,0.072768530262385,0.6968855577879295
8323.0,0.014937106918238996,0.0023584905660377358,0.9827044025157233
8324.0,0.09748427672955975,0.01179245283018868,0.8907232704402516
8325.0,0.9676362683438157,0.014150943396226415,0.018212788259958073
8326.0,0.8923824371591034,0.008832506365476268,0.09878505647542035
8327.0,0.8823600994933922,0.022626423417658963,0.09501347708894878
8328.0,0.01650943396226415,0.0,0.9834905660377359
8329.0,0.9189907298944343,0.0,0.08100927010556554
8330.0,0.4373876909254268,0.04481132075471698,0.5178009883198562
8331.0,0.8820754716981132,0.025943396226415096,0.09198113207547172
8332.0,0.16715268717902562,0.36276538465767394,0.4700819281633005
8333.0,0.7308922220478827,0.018867924528301886,0.2502398534238157
8334.0,0.6069182389937107,0.02830188679245283,0.36477987421383645
8335.0,0.9275727417236851,0.01179245283018868,0.060634805446126205
8336.0,0.16885669362084457,0.04245283018867924,0.788690476190476
8337.0,0.24344828907136937,0.007075471698113208,0.7494762392305175
8338.0,0.9123427672955976,0.02122641509433962,0.06643081761006289
8339.0,0.2992163500020638,0.02826265604845753,0.6725209939494786
8340.0,0.8036895953349893,0.01650943396226415,0.1798009707027465
8341.0,0.8411949685534593,0.0589622641509434,0.09984276729559749
8342.0,0.9390492045874953,0.02358490566037736,0.03736588975212727
8343.0,0.8183648018165768,0.0,0.1816351981834231
8344.0,0.13246855345911954,0.07547169811320754,0.792059748427673
8345.0,0.9610993180787706,0.0023584905660377358,0.03654219135519153
8346.0,0.6191037735849056,0.0,0.3808962264150943
8347.0,0.2877353714092086,0.07751262664563491,0.6347520019451564
8348.0,0.2071786100836109,0.10305824521851344,0.6897631446978757
8349.0,0.8988469601677149,0.0330188679245283,0.06813417190775681
8350.0,0.5957827942497753,0.01179245283018868,0.392424752920036
8351.0,0.5374857061177816,0.02830188679245283,0.4342124070897656
8352.0,0.828398370497427,0.0,0.1716016295025729
8353.0,0.06367924528301887,0.0,0.9363207547169812
8354.0,0.06902515723270437,0.06040981275609013,0.8705650300112058
8355.0,0.9514263252470799,0.0,0.04857367475292004
8356.0,0.49136739601500995,0.025408371074667348,0.4832242329103229
8357.0,0.11847484276729561,0.007075471698113208,0.8744496855345911
8358.0,0.048903523947195875,0.06855511546442754,0.8825413605883766
8359.0,0.9767295597484277,0.009433962264150943,0.013836477987421384
8360.0,0.8868861118885946,0.02122641509433962,0.09188747301706586
8361.0,0.32530015150714375,0.02358490566037736,0.6511149428324791
8362.0,0.7207272420621966,0.029457465561141215,0.24981529237666214
8363.0,0.3919811320754715,0.02358490566037736,0.5844339622641511
8364.0,0.9315851469404003,0.0159773472568223,0.05243750580277733
8365.0,0.618946540880503,0.01179245283018868,0.3692610062893082
8366.0,0.5222601690762068,0.01179245283018868,0.4659473780936046
8367.0,0.5951201707097934,0.02358490566037736,0.38129492362982936
8368.0,0.8486297701801675,0.025943396226415096,0.1254268335934175
8369.0,0.18238993710691825,0.01179245283018868,0.805817610062893
8370.0,0.9108382284558976,0.0,0.08916177154410258
8371.0,0.6824128388104971,0.0330188679245283,0.2845682932649746
8372.0,0.0047169811320754715,0.0,0.9952830188679245
8373.0,0.05647274633123688,0.030660377358490566,0.9128668763102724
8374.0,0.16391509433962265,0.01650943396226415,0.8195754716981132
8375.0,0.9283446464181623,0.0023584905660377358,0.06929686301579996
8376.0,0.09709119496855347,0.01650943396226415,0.8863993710691824
8377.0,0.4614779874213835,0.1391509433962264,0.39937106918239007
8378.0,0.7594479556611978,0.1312753147790539,0.10927672955974845
8379.0,0.9532232704402515,0.014150943396226415,0.03262578616352201
8380.0,0.6315477175643514,0.02407982088344551,0.3443724615522034
8381.0,0.8895440251572327,0.05188679245283019,0.058569182389937094
8382.0,0.7892622061129618,0.0047169811320754715,0.20602081275496256
8383.0,0.7926257270534828,0.0,0.20737427294651725
8384.0,0.9023255942512409,0.0,0.0976744057487597
8385.0,0.09905660377358491,0.1570678865700371,0.743875509656378
8386.0,0.35543014375561544,0.02830188679245283,0.6162679694519319
8387.0,0.9483501878799476,0.0023584905660377358,0.04929132155401467
8388.0,0.5860490455698996,0.0047169811320754715,0.4092339732980248
8389.0,0.6655599272316874,0.11777340610164598,0.21666666666666667
8390.0,0.10927672955974843,0.025943396226415096,0.8647798742138365
8391.0,0.4612860410030221,0.0023584905660377358,0.5363554684309402
8392.0,0.6678695784640161,0.12731115753737676,0.2048192639986072
8393.0,0.9275746855345915,0.018867924528301886,0.053557389937106896
8394.0,0.5823113207547169,0.030660377358490566,0.38702830188679244
8395.0,0.30104015481373975,0.018867924528301886,0.6800919206579583
8396.0,0.5360968172288927,0.09424831823981963,0.3696548645312875
8397.0,0.914510451550546,0.0,0.08548954844945411
8398.0,0.8810833031481602,0.0047169811320754715,0.11419971571976442
8399.0,0.7030267295597485,0.030660377358490566,0.2663128930817609
8400.0,0.0220125786163522,0.009433962264150943,0.9685534591194969
8401.0,0.10758009693626569,0.3830699117208742,0.5093499913428599
8402.0,0.08109524439079224,0.11950940043537064,0.799395355173837
8403.0,0.24469339622641506,0.10062427370865443,0.6546823300649305
8404.0,0.6830053604817755,0.014150943396226415,0.302843696121998
8405.0,0.022798742138364782,0.01650943396226415,0.9606918238993711
8406.0,0.7361897274633122,0.0023584905660377358,0.26145178197064994
8407.0,0.8853337676018775,0.009433962264150943,0.10523227013397138
8408.0,0.675497323385087,0.018867924528301886,0.3056347520866111
8409.0,0.09630503144654087,0.0047169811320754715,0.8989779874213836
8410.0,0.17926616093832817,0.42850482377923854,0.3922290152824332
8411.0,0.8283411949685536,0.007075471698113208,0.1645833333333333
8412.0,0.05227987421383648,0.025943396226415096,0.9217767295597485
8413.0,0.0027515723270440254,0.0023584905660377358,0.9948899371069183
8414.0,0.9230117491727396,0.0,0.07698825082726064
8415.0,0.9518826138170745,0.01179245283018868,0.036324933352736975
8416.0,0.8817273135669363,0.0047169811320754715,0.11355570530098832
8417.0,0.4648322851153039,0.0047169811320754715,0.5304507337526205
8418.0,0.6038718553459118,0.01650943396226415,0.3796187106918238
8419.0,0.10660938903863433,0.08711648387273223,0.8062741270886334
8420.0,0.6873652291105121,0.0047169811320754715,0.3079177897574124
8421.0,0.12421383647798744,0.03773584905660377,0.8380503144654088
8422.0,0.8704844233194889,0.0023584905660377358,0.1271570861144734
8423.0,0.7201257861635221,0.009433962264150943,0.27044025157232704
8424.0,0.4882075471698113,0.1485068436157746,0.36328560921441405
8425.0,0.775680072250876,0.04185137429000457,0.18246855345911947
8426.0,0.1615566037735849,0.04716981132075472,0.7912735849056604
8427.0,0.26435931753389474,0.14090797806358946,0.5947327044025158
8428.0,0.9343553459119497,0.0,0.06564465408805031
8429.0,0.9732825623155812,0.0023584905660377358,0.02435894711838108
8430.0,0.7535377358490566,0.07075471698113207,0.17570754716981132
8431.0,0.08504439511653719,0.01179245283018868,0.9031631520532741
8432.0,0.31860460055276263,0.10257067310831103,0.5788247263389261
8433.0,0.652122641509434,0.147381993863028,0.20049536462753806
8434.0,0.15644654088050317,0.1319841672964234,0.7115692918230734
8435.0,0.8612922370205945,0.007075471698113208,0.1316322912812924
8436.0,0.8062303459119496,0.01650943396226415,0.17726022012578624
8437.0,0.045469451931716094,0.014150943396226415,0.9403796046720576
8438.0,0.8476899351163759,0.05639811519808967,0.09591194968553463
8439.0,0.49109014675052415,0.08962264150943396,0.4192872117400419
8440.0,0.602550215597813,0.11759937234311432,0.2798504120590727
8441.0,0.30550314465408807,0.0023584905660377358,0.6921383647798743
8442.0,0.7713795101090418,0.11422828385052619,0.1143922060404321
8443.0,0.8885858883647798,0.0,0.11141411163522011
8444.0,0.8171408485382542,0.014150943396226415,0.1687082080655194
8445.0,0.9823113207547169,0.007075471698113208,0.01061320754716981
8446.0,0.6184476104572071,0.0023584905660377358,0.3791938989767554
8447.0,0.18670642755735778,0.10961891604497509,0.703674656397667
8448.0,0.8065340645041359,0.007075471698113208,0.18639046379775073
8449.0,0.27050694903942973,0.2605876135135561,0.46890543744701413
8450.0,0.41409173546429695,0.03036597548403343,0.5555422890516696
8451.0,0.8489878144654092,0.01179245283018868,0.13921973270440252
8452.0,0.9710467065012038,0.0023584905660377358,0.02659480293275867
8453.0,0.5715881955847246,0.01650943396226415,0.4119023704530112
8454.0,0.5117924528301887,0.018867924528301886,0.46933962264150936
8455.0,0.19471420643729184,0.03537735849056604,0.7699084350721422
8456.0,0.6009078796814644,0.0047169811320754715,0.39437513918645994
8457.0,0.7212126517273578,0.007075471698113208,0.27171187657452917
8458.0,0.42374213836477986,0.18511784291963176,0.3911400187155884
8459.0,0.8828616352201258,0.018867924528301886,0.09827044025157236
8460.0,0.8261661425576521,0.02830188679245283,0.1455319706498952
8461.0,0.14901729559748422,0.0330188679245283,0.8179638364779874
8462.0,0.9490423098913666,0.007075471698113208,0.0438822184105203
8463.0,0.27103548966756524,0.009433962264150943,0.7195305480682834
8464.0,0.7329137057910643,0.04481132075471698,0.2222749734542187
8465.0,0.2795372866127583,0.030660377358490566,0.6898023360287512
8466.0,0.608883647798742,0.0660377358490566,0.32507861635220126
8467.0,0.827137112385387,0.007075471698113208,0.16578741591649987
8468.0,0.16823899371069184,0.030660377358490566,0.8011006289308177
8469.0,0.3843029350104821,0.025943396226415096,0.5897536687631026
8470.0,0.5206087151841869,0.03773584905660377,0.4416554357592094
8471.0,0.8900762288755891,0.01650943396226415,0.09341433716214664
8472.0,0.8164308176100628,0.02122641509433962,0.16234276729559752
8473.0,0.8741178651666822,0.0492311914370914,0.07665094339622641
8474.0,0.7522461814914644,0.025943396226415096,0.22181042228212045
8475.0,0.20266172506738547,0.01179245283018868,0.785545822102426
8476.0,0.8650213154696915,0.04463849750758668,0.0903401870227216
8477.0,0.5747584152069638,0.21558058987116716,0.209660994921869
8478.0,0.8116015274034143,0.04481132075471698,0.14358715184186885
8479.0,0.8157110185412071,0.007075471698113208,0.17721350976067962
8480.0,0.8779117403822594,0.01179245283018868,0.1102958067875521
8481.0,0.9740566037735849,0.0047169811320754715,0.02122641509433962
8482.0,0.21466145463510147,0.07532057591296673,0.7100179694519317
8483.0,0.11320754716981128,0.01650943396226415,0.8702830188679241
8484.0,0.8204231610609789,0.0023584905660377358,0.17721834837298334
8485.0,0.9373427672955975,0.02830188679245283,0.034355345911949685
8486.0,0.09316037735849059,0.007075471698113208,0.8997641509433961
8487.0,0.8464431412544621,0.025943396226415096,0.12761346251912287
8488.0,0.9365069513406158,0.007075471698113208,0.056417576961271095
8489.0,0.48270440251572316,0.07547169811320754,0.4418238993710692
8490.0,0.037951179845708734,0.032612181331611256,0.9294366388226802
8491.0,0.13797169811320756,0.01179245283018868,0.8502358490566038
8492.0,0.7185534591194966,0.11556603773584906,0.16588050314465413
8493.0,0.6143474842767295,0.02830188679245283,0.35735062893081765
8494.0,0.7615790655884997,0.0023584905660377358,0.23606244384546274
8495.0,0.775943396226415,0.04245283018867924,0.18160377358490565
8496.0,0.85,0.049528301886792456,0.10047169811320754
8497.0,0.8856541268097872,0.0047169811320754715,0.10962889205813733
8498.0,0.10455974842767296,0.01179245283018868,0.8836477987421384
8499.0,0.7661964607719324,0.0,0.23380353922806754
8500.0,0.6173111962608264,0.06407760372298715,0.3186112000161865
8501.0,0.5268306379155435,0.0047169811320754715,0.468452380952381
8502.0,0.03773584905660377,0.0047169811320754715,0.9575471698113209
8503.0,0.7401729559748427,0.049528301886792456,0.2102987421383648
8504.0,0.002610089251271698,0.01611869018491543,0.9812712205638128
8505.0,0.8306380337504834,0.009433962264150943,0.15992800398536536
8506.0,0.9592061772498713,0.0,0.040793822750128605
8507.0,0.7111437883533217,0.014150943396226415,0.274705268250452
8508.0,0.6875584828961498,0.014150943396226415,0.29829057370762396
8509.0,0.8623722484276729,0.030660377358490566,0.1069673742138365
8510.0,0.5257269536248688,0.1712049450216694,0.3030681013534619
8511.0,0.6966477361487057,0.09167773554940753,0.21167452830188677
8512.0,0.09473270440251572,0.0,0.9052672955974841
8513.0,0.3270676916715632,0.09785369197623556,0.5750786163522013
8514.0,0.01926100628930818,0.0023584905660377358,0.9783805031446541
8515.0,0.6593937607204117,0.08726415094339622,0.25334208833619215
8516.0,0.21813219947932505,0.03980692490850567,0.7420608756121693
8517.0,0.3300123342948566,0.037603330898739226,0.6323843348064039
8518.0,0.3328675727530912,0.22008516745284643,0.4470472597940624
8519.0,0.2672955974842767,0.02830188679245283,0.7044025157232705
8520.0,0.9505188679245282,0.03537735849056604,0.014103773584905662
8521.0,0.8902964566879662,0.0047169811320754715,0.10498656217995843
8522.0,0.6117826481356279,0.12858684871971796,0.259630503144654
8523.0,0.13605253422123562,0.0023584905660377358,0.8615889752127266
