id,Status_C,Status_CL,Status_D
7905.0,0.3870741098466916,0.0033343298344571774,0.6095915603188514
7906.0,0.32603107967048495,0.35862373607082276,0.315345184258692
7907.0,0.13452650925404133,0.010116717334014959,0.8553567734119438
7908.0,0.8598653155744421,0.002122017872196165,0.13801266655336172
7909.0,0.4185874091026891,0.00312070284763809,0.5782918880496728
7910.0,0.8427823018842163,0.0007419676786104229,0.15647573043717317
7911.0,0.9528230458680649,0.009527923201391984,0.03764903093054267
7912.0,0.19077707101411326,0.003436287671186097,0.8057866413147009
7913.0,0.23227789712981517,0.01224079533745022,0.7554813075327348
7914.0,0.41431862663689184,0.021657537739028284,0.5640238356240801
7915.0,0.2585203809575077,0.0110019417026791,0.7304776773398133
7916.0,0.36931498989228834,0.0035259152610332685,0.6271590948466781
7917.0,0.23834041958212723,0.013283115241507186,0.7483764651763656
7918.0,0.6756006105901876,0.027580381067083763,0.2968190083427288
7919.0,0.18426571100433697,0.21659708101409803,0.5991372079815651
7920.0,0.8300487328353852,0.014897988780320599,0.1550532783842942
7921.0,0.8366945172591261,0.01248340945065364,0.15082207329022015
7922.0,0.13925391192588674,0.006683365763772922,0.8540627223103402
7923.0,0.7900841379190243,0.004172101028241605,0.20574376105273415
7924.0,0.36715062449370217,0.05655568147906448,0.5762936940272332
7925.0,0.13311294148846226,0.007052053490325306,0.8598350050212125
7926.0,0.4264955811371683,0.006104176436240406,0.5674002424265914
7927.0,0.6579398568714202,0.1634304369524274,0.17862970617615234
7928.0,0.09237443056444866,0.015132372728920502,0.8924931967066309
7929.0,0.8215980735738886,0.09440004934791639,0.08400187707819498
7930.0,0.14492192635495105,0.08402394223802136,0.7710541314070275
7931.0,0.6750548405108993,0.07923868418637167,0.24570647530272888
7932.0,0.05361665893820066,0.011938710078404479,0.9344446309833948
7933.0,0.2858663467626198,0.0005155772480014624,0.7136180759893789
7934.0,0.8294839159208107,0.0004904674321397786,0.17002561664704965
7935.0,0.8607855223746561,0.002936193542578066,0.1362782840827658
7936.0,0.8663023171101004,0.03937293266096057,0.09432475022893913
7937.0,0.060289187955960326,0.02218203693388836,0.9175287751101514
7938.0,0.9148006346990397,0.0036338622702999594,0.08156550303066053
7939.0,0.08958775940363835,0.03183954407408295,0.8785726965222789
7940.0,0.19819310882358238,0.7802795619330734,0.021527329243344256
7941.0,0.22151707227387915,0.053804305511109256,0.7246786222150118
7942.0,0.8139374181559157,0.054013247805106565,0.13204933403897753
7943.0,0.2315062460656478,0.016752113177538882,0.7517416407568133
7944.0,0.842109176412464,0.0022118487206250884,0.15567897486691115
7945.0,0.8599650085723408,0.000489734450161174,0.13954525697749792
7946.0,0.6522941793375392,0.2004341506933614,0.14727166996909938
7947.0,0.8415127474847242,0.0015209702837407557,0.15696628223153503
7948.0,0.18545962958325876,0.013869524646806262,0.8006708457699349
7949.0,0.3815077785515856,0.015461248086031661,0.6030309733623829
7950.0,0.9425229040173685,0.02278029710426639,0.03469679887836501
7951.0,0.23738534296088626,0.024848614100080272,0.7377660429390336
7952.0,0.012349101888195489,0.014151877204811106,0.9734990209069934
7953.0,0.09622173864579696,0.0022872128386564367,0.9014910485155466
7954.0,0.8361532673938505,0.02047744016753165,0.14336929243861804
7955.0,0.05138030391634346,0.004519354984546109,0.9441003410991105
7956.0,0.09651960835176872,0.005790995755435148,0.8976893958927963
7957.0,0.9031723552750999,0.00928847960336065,0.08753916512153942
7958.0,0.06647559914726518,0.004863143720450242,0.9286612571322846
7959.0,0.22316644592820284,0.008356436695185829,0.7684771173766114
7960.0,0.11447343275237816,0.007182627815875396,0.8783439394317463
7961.0,0.8604464931011072,0.019999686028784942,0.11955382087010764
7962.0,0.10425474817328216,0.00782041562043148,0.8879248362062866
7963.0,0.025923875111295874,0.00697605434132925,0.9671000705473748
7964.0,0.13579981408775796,0.009520778489864417,0.8546794074223777
7965.0,0.9176720609786801,0.002049242551903193,0.08027869646941672
7966.0,0.3603855728200591,0.011213712912313737,0.628400714267627
7967.0,0.8287501220640094,0.0302098172540629,0.14104006068192748
7968.0,0.6755472489043838,0.023307075477971645,0.3011456756176446
7969.0,0.1123807445227408,0.013800329927484638,0.8738189255497747
7970.0,0.6025030864125837,0.005490296683478403,0.3920066169039379
7971.0,0.8663044209240509,0.00044400243976020257,0.1332515766361889
7972.0,0.49916683860100025,0.1694614499438589,0.33137171145514055
7973.0,0.8353737013016792,0.007794006518916386,0.15683229217940423
7974.0,0.13124135721860308,0.14474314246785658,0.7240155003135404
7975.0,0.8618144607963001,0.0043698313029069775,0.1338157079007928
7976.0,0.5795212431279988,0.011419315657550168,0.409059441214451
7977.0,0.854846192876149,0.026838176825012987,0.11831563029883807
7978.0,0.028388480354365277,0.0055698747306620906,0.9660416449149727
7979.0,0.3912747848169869,0.019559921612655035,0.589165293570358
7980.0,0.7278685479093752,0.001824961554420883,0.2703064905362038
7981.0,0.3209443058157886,0.27657610989294423,0.402479584291267
7982.0,0.561193244592729,0.04685244435025945,0.3919543110570115
7983.0,0.8702518086867245,0.0553629676566223,0.0743852236566529
7984.0,0.23043254250799997,0.014687069294514896,0.7548803881974849
7985.0,0.44043635086025656,0.034460333259221675,0.5251033158805217
7986.0,0.18849605536639277,0.012801475750661458,0.7987024688829458
7987.0,0.6492729374585964,0.003911018054862923,0.34681604448654085
7988.0,0.7632394408818294,0.008024820771173261,0.22873573834699729
7989.0,0.9366030555220966,0.017239028924137343,0.04615791555376623
7990.0,0.18047495956804463,0.012660676996743368,0.806864363435212
7991.0,0.1178532449364795,0.0016600009628899989,0.8804867541006305
7992.0,0.940646195826172,0.002829661572117337,0.056524142601710785
7993.0,0.3759108103212852,0.00959659585988867,0.6144925938188263
7994.0,0.9141390466445968,0.0006970314371009909,0.08516392191830215
7995.0,0.8399713976754601,0.002486286366353718,0.1575423159581863
7996.0,0.07500510923051538,0.02832300308335388,0.8966718876861309
7997.0,0.7826147802090008,0.05759013693823682,0.15979508285276234
7998.0,0.15257977478235116,0.010194924270479553,0.8372253009471692
7999.0,0.12629410451083425,0.008110423733696488,0.8655954717554694
8000.0,0.7418534731695912,0.0256407305891431,0.2325057962412657
8001.0,0.7118115824165808,0.07265976151303188,0.21552865607038735
8002.0,0.7883532774746985,0.059760016541019194,0.15188670598428225
8003.0,0.6373931688150699,0.3164253533853427,0.046181477799587235
8004.0,0.25423011142644714,0.006365818970306266,0.7394040696032468
8005.0,0.6458134959206562,0.01893012213860056,0.3352563819407435
8006.0,0.8608481379968732,0.0245161897498167,0.11463567225331012
8007.0,0.6886294293788416,0.01380845100519708,0.2975621196159613
8008.0,0.8903725281475896,0.04461872239607704,0.0650087494563334
8009.0,0.8258836414404915,0.0029458544864484166,0.17117050407305998
8010.0,0.8890924696928081,0.011155936914476356,0.09975159339271555
8011.0,0.8533395164326699,0.0005853496907722742,0.14607513387655768
8012.0,0.7424772707578251,0.014229968859951958,0.24329276038222278
8013.0,0.1187831482685048,0.0023204389335289765,0.8788964127979662
8014.0,0.9553993501998114,0.021339688865649284,0.02326096093453948
8015.0,0.8696648871546064,0.00039430412274217346,0.12994080872265149
8016.0,0.9326769177078937,0.016719667501469575,0.05060341479063656
8017.0,0.32833108358321145,0.0002113672542944209,0.6714575491624942
8018.0,0.531407302073614,0.021573909992169477,0.44701878793421673
8019.0,0.9008205388393198,0.06294436389759783,0.036235097263082654
8020.0,0.462836290894232,0.0003728745019596141,0.5367908346038085
8021.0,0.15728879868030116,0.013520694003572102,0.8291905073161268
8022.0,0.11247942623848828,0.005513640367947591,0.8820069333935643
8023.0,0.6501286931836117,0.18085981860356026,0.1690114882128281
8024.0,0.7283672441946563,0.006660454659651494,0.26497230114569226
8025.0,0.0853135080063492,0.004172023943209898,0.9105144680504409
8026.0,0.8501590377331762,0.0012908455271303668,0.14855011673969337
8027.0,0.9260993241461666,0.019770333641661413,0.05413034221217191
8028.0,0.12849794546702314,0.006151209091494341,0.8653508454414823
8029.0,0.21312556151337825,0.026865660702360104,0.7600087777842616
8030.0,0.739813366181724,0.0051710973305927,0.25501553648768327
8031.0,0.697319780196542,0.060299273273697364,0.24238094652976058
8032.0,0.8541679071599915,0.003873282463194228,0.14195881037681427
8033.0,0.05034011871049476,0.07426103485390988,0.8753988464355953
8034.0,0.453823523824308,0.007776616643130296,0.5383998595325618
8035.0,0.7649320622365687,0.0024859505148374754,0.23258198724859364
8036.0,0.5489927073780665,0.4137315425445182,0.03727575007741514
8037.0,0.1191264319602948,0.01870290652804462,0.8621706615116606
8038.0,0.671935379040114,0.016986601207972938,0.31107801975191285
8039.0,0.053626367964182874,0.01865152066848531,0.9277221113673315
8040.0,0.22393614354408278,0.008222013506279586,0.7678418429496375
8041.0,0.10142020260310627,0.0034798053873703098,0.8950999920095235
8042.0,0.158094388181608,0.009789209822218856,0.8321164019961733
8043.0,0.8483659636727083,0.014321383142210268,0.1373126531850813
8044.0,0.19448477367342576,0.008131098116675095,0.7973841282098992
8045.0,0.20322778018353238,0.022530866544172048,0.7742413532722957
8046.0,0.5455580861662584,0.0001844112326990382,0.45425750260104236
8047.0,0.7806464035973404,0.04241574775327802,0.1769378486493815
8048.0,0.8993999648692392,0.003293151957997785,0.09730688317276294
8049.0,0.3637116715315393,0.4264060348617978,0.20988229360666288
8050.0,0.12103927081772094,0.013905597122000454,0.8650551320602785
8051.0,0.11808357692223129,0.009166610399818462,0.8727498126779503
8052.0,0.93768397318159,0.021874233073379545,0.04044179374503036
8053.0,0.10328536175548676,0.03149142844555395,0.8652232097989595
8054.0,0.8420882441374642,0.004959956687361968,0.1529517991751739
8055.0,0.12262878754045223,0.41364938084838315,0.4637218316111646
8056.0,0.9002305823286273,0.02462147381170905,0.07514794385966364
8057.0,0.8688195266323663,0.012312620880545792,0.11886785248708798
8058.0,0.6233267344720008,0.04536966388765099,0.3313036016403483
8059.0,0.8520035665639781,0.007684105834689964,0.14031232760133197
8060.0,0.0665742428959229,0.032058618162547584,0.9013671389415295
8061.0,0.12202016234057493,0.0025023576559509465,0.875477480003474
8062.0,0.09241975903230219,0.00629031505624922,0.9012899259114483
8063.0,0.9489394591049208,0.022008582966655345,0.02905195792842386
8064.0,0.025508244638300093,0.1631296638608819,0.8113620915008181
8065.0,0.6531106136921903,0.27256804140958524,0.07432134489822463
8066.0,0.7884180643490308,0.14143523310344736,0.07014670254752167
8067.0,0.22099244529194048,0.0026726693795816737,0.7763348853284776
8068.0,0.7048266990283226,0.007714674809321055,0.2874586261623563
8069.0,0.7589725828780676,0.023313451435680248,0.21771396568625187
8070.0,0.9244017789313955,0.015055224277498369,0.06054299679110582
8071.0,0.8994804600912956,0.0038341286831693583,0.09668541122553528
8072.0,0.8486221948792577,0.0013865676592697582,0.14999123746147267
8073.0,0.9378944432783062,0.004848086568049766,0.057257470153644324
8074.0,0.548544173460518,0.002598374907481087,0.44885745163200075
8075.0,0.8350543635612563,0.03465784654060335,0.1302877898981404
8076.0,0.9021190977547672,0.011859900863150237,0.08602100138208266
8077.0,0.043969706780662185,0.009972206997008523,0.9460580862223292
8078.0,0.13795072653635168,0.011251938083819682,0.8507973353798286
8079.0,0.8805962945271287,0.000495418231290585,0.11890828724158072
8080.0,0.6505652557568469,0.014089602949137187,0.335345141294016
8081.0,0.7896988107672342,0.05692691017758799,0.15337427905517767
8082.0,0.4105555855748975,0.011188111748123305,0.5782563026769793
8083.0,0.07369901818556902,0.0355833607973085,0.8907176210171223
8084.0,0.04593887370245518,0.0009791651498534447,0.9530819611476916
8085.0,0.8622933233108511,0.01256844386459645,0.1251382328245525
8086.0,0.1915163852166987,0.011235151465110468,0.7972484633181908
8087.0,0.6370591122175625,0.17876485673127568,0.18417603105116184
8088.0,0.15867884146834102,0.005691211246368564,0.8356299472852904
8089.0,0.466685217841319,0.0023005067830914397,0.5310142753755895
8090.0,0.01767244336851923,0.01584714137438088,0.9664804152570998
8091.0,0.8600311732339508,0.00072991063374339,0.1392389161323056
8092.0,0.09315858641035955,0.024127875339398853,0.8827135382502418
8093.0,0.39005154314192936,0.4310659911866657,0.17888246567140473
8094.0,0.2678803799388297,0.007262578762960951,0.7248570412982094
8095.0,0.3736750517932737,0.5330719327776356,0.0932530154290909
8096.0,0.18881769244472096,0.006066938922952252,0.8051153686323268
8097.0,0.11778876091341457,0.004109861496196712,0.8781013775903888
8098.0,0.9343137849611202,0.005147319741068315,0.06053889529781135
8099.0,0.27462461973179325,0.004957182289352747,0.7204181979788539
8100.0,0.15769308755446595,0.007120669908746237,0.8351862425367879
8101.0,0.48846267930645454,0.011296770932557262,0.5002405497609884
8102.0,0.65397943045682,0.014682793216134101,0.3313377763270458
8103.0,0.13358093622041256,0.45276195170244726,0.41365711207713995
8104.0,0.18160869481324265,0.504803791643646,0.3135875135431114
8105.0,0.11636920099185112,0.006977101337965111,0.8766536976701838
8106.0,0.8671472177955243,0.0028633917263413554,0.12998939047813432
8107.0,0.031641863560335014,0.03950268307066684,0.9288554533689979
8108.0,0.9217474876681034,0.01115392040849446,0.06709859192340203
8109.0,0.7609931983285511,0.0044771009060694585,0.23452970076537935
8110.0,0.9542766665445271,0.010166776768521889,0.03555655668695112
8111.0,0.06771947818336352,0.8600628340730869,0.07221768774354968
8112.0,0.25750495693851916,0.002461858723041839,0.7400331843384388
8113.0,0.017757553093355475,0.005418265995252518,0.9768241809113919
8114.0,0.16869699494260987,0.03720483378833328,0.7940981712690571
8115.0,0.8898167446133041,0.003241795391980133,0.10694145999471598
8116.0,0.6727525581373305,0.15467677469932442,0.17257066716334504
8117.0,0.03785780570974077,0.008995172188875416,0.9531470221013839
8118.0,0.093127280959424,0.07314992824827687,0.833722790792299
8119.0,0.5198616242178349,0.3166555472867511,0.1634828284954143
8120.0,0.9039133695026443,0.020163997115825085,0.07592263338153049
8121.0,0.24632663923568143,0.013628532437704365,0.7400448283266141
8122.0,0.8124104838756766,0.014385239175958991,0.17320427694836418
8123.0,0.871646952592884,0.00557667654817496,0.12277637085894103
8124.0,0.11650734403753615,0.20405372768164476,0.6794389282808189
8125.0,0.5075102616975808,0.029647582361121413,0.46284215594129763
8126.0,0.8104438751471942,0.0027448350664309395,0.1868112897863749
8127.0,0.19688266313413175,0.014610478797635402,0.7885068580682328
8128.0,0.20066654348011534,0.011026600875523172,0.7883068556443613
8129.0,0.7673949735898546,0.1985555522949007,0.03404947411524453
8130.0,0.05897416354011556,0.09962746131639406,0.8413983751434904
8131.0,0.0964312519669406,0.012063259051142543,0.8915054889819168
8132.0,0.7322044046781303,0.0035412524849607377,0.264254342836909
8133.0,0.9214779333224055,0.015304687116893603,0.06321737956070099
8134.0,0.529427340546465,0.009142146829337585,0.4614305126241975
8135.0,0.04337674409159103,0.010485421952847677,0.9461378339555613
8136.0,0.1871987593512436,0.010886518603413161,0.8019147220453431
8137.0,0.5078645421392657,0.0026381318789868258,0.4894973259817472
8138.0,0.1791730434264781,0.021803272793470923,0.799023683780051
8139.0,0.08479410734367743,0.024718509049676624,0.8904873836066461
8140.0,0.47722887710545814,0.20266321791065625,0.32010790498388536
8141.0,0.8662932009187974,0.0030216390118961234,0.13068516006930642
8142.0,0.8280747600054871,0.06974625086648976,0.10217898912802313
8143.0,0.9615820533247734,0.006323016799168744,0.03209492987605786
8144.0,0.1132773649535674,0.03474832874136881,0.8519743063050635
8145.0,0.8746707894560254,0.0035927851853984113,0.12173642535857598
8146.0,0.7417141255583533,0.08508367669386116,0.17320219774778534
8147.0,0.23394179183321917,0.008980541785617056,0.7570776663811637
8148.0,0.7257138967194752,0.09163568116086034,0.18265042211966448
8149.0,0.8619003326592969,0.016846317676841294,0.12125334966386163
8150.0,0.9031925913254337,0.057383991204037345,0.039423417470528715
8151.0,0.049871406759674754,0.057862869382255294,0.8922657238580699
8152.0,0.8890800527164184,0.0014953717698509774,0.10942457551373064
8153.0,0.5945382243973766,0.028396244213930937,0.37706553138869237
8154.0,0.8866287171822583,0.017132118614655908,0.09623916420308569
8155.0,0.06707878673983875,0.025889815888860458,0.9070313973713008
8156.0,0.8859011557301912,0.02402005291437897,0.09007879135542995
8157.0,0.4691686302142841,0.016449390957646793,0.5143819788280691
8158.0,0.8636202601378306,0.08433994151773641,0.052039798344432994
8159.0,0.10823042620094567,0.03985868604904154,0.8519108877500129
8160.0,0.5181593607404521,0.008992084126239256,0.4728485551333086
8161.0,0.7376008210196018,0.10465552967194235,0.1577436493084558
8162.0,0.20641256863360255,0.2529741591475869,0.5406132722188104
8163.0,0.25551601833165216,0.019409585423885302,0.7250743962444625
8164.0,0.7112408560811438,0.23946218739239164,0.049296956526464646
8165.0,0.07287144783107129,0.0021829208372997513,0.9249456313316291
8166.0,0.5538206896644656,0.044341282077838405,0.4018380282576959
8167.0,0.26150964955286915,0.00538637863367088,0.7331039718134601
8168.0,0.4845280332087224,0.014541203716744484,0.5009307630745331
8169.0,0.6270703837793583,0.047668022545634764,0.3252615936750068
8170.0,0.1667588273213808,0.6665242874405858,0.1667168852380335
8171.0,0.10431030184671668,0.013074131016824538,0.8826155671364588
8172.0,0.08701854446768328,0.03220863050253283,0.8807728250297839
8173.0,0.8372741274153589,0.00943361174228589,0.15329226084235514
8174.0,0.8183276645934684,0.0008403109991203894,0.18083202440741108
8175.0,0.8573304869255384,0.01247910164151541,0.13019041143294613
8176.0,0.508049546623606,0.004523638017398334,0.4874268153589959
8177.0,0.12254184336396957,0.007898310751164428,0.8695598458848658
8178.0,0.2021484603438731,0.5620779492205821,0.23577359043554483
8179.0,0.24965452935134919,0.03700718241972275,0.7133382882289279
8180.0,0.6470201550864594,0.029209304268502993,0.32377054064503763
8181.0,0.01805295053114187,0.01079297595873253,0.9711540735101254
8182.0,0.9095158568216608,0.018616133924232996,0.07186800925410607
8183.0,0.27322587255123415,0.04130540317348654,0.6854687242752795
8184.0,0.8554303077824642,0.01809981542019622,0.12646987679733995
8185.0,0.8639713817712613,0.03160278676826105,0.10442583146047774
8186.0,0.5535438503961871,0.36910569412796096,0.07735045547585158
8187.0,0.32079010884291526,0.008948805700021172,0.6702610854570634
8188.0,0.8275579054384496,0.005841839191044036,0.16660025537050646
8189.0,0.05743784356377552,0.022518556019686158,0.9200436004165385
8190.0,0.0872389134498969,0.4199967927545359,0.49276429379556697
8191.0,0.9237011081680104,0.013664422376009887,0.06263446945597963
8192.0,0.908539391222682,0.03610391283901358,0.05535669593830414
8193.0,0.8117455144245227,0.028226606075857252,0.16002787949962
8194.0,0.8282516600159293,0.03254631727963873,0.139202022704432
8195.0,0.7893208455971655,0.0015655136925609237,0.2091136407102734
8196.0,0.8973888684163425,0.004947811495391014,0.09766332008826632
8197.0,0.6552285639238891,0.02528068538275247,0.31949075069335836
8198.0,0.2879163488408796,0.048357053251310754,0.6637265979078097
8199.0,0.9113082174317307,0.04785166971329301,0.04084011285497618
8200.0,0.9203322365954052,0.006623252168449885,0.07304451123614507
8201.0,0.08015214261599041,0.010258328887512073,0.9095895284964974
8202.0,0.07971788058129733,0.048033535457242836,0.8722485839614601
8203.0,0.8218705176131038,0.02523461241143804,0.15289486997545812
8204.0,0.051158588699953156,0.04149731911198382,0.9073440921880631
8205.0,0.8534672101667906,0.0051214909299148815,0.14141129890329443
8206.0,0.19891997000613296,0.003440926244811985,0.797639103749055
8207.0,0.8501590377331762,0.0012908455271303668,0.14855011673969337
8208.0,0.061673148652630065,0.02823419177330057,0.9100926595740695
8209.0,0.42121195963750396,0.1277322277055541,0.4510558126569421
8210.0,0.6989881619776648,0.0007999242081949739,0.3002119138141402
8211.0,0.0567314190323143,0.004769727022773312,0.9384988539449122
8212.0,0.8702112411288327,0.001859214389369549,0.12792954448179766
8213.0,0.8676556163932951,0.014421402776198373,0.11792298083050663
8214.0,0.019014696765119576,0.053166866693696246,0.9278184365411839
8215.0,0.8903399664795011,0.07221270088889407,0.037447332631604914
8216.0,0.8677965588102269,0.004013213071142243,0.12819022811863076
8217.0,0.4064348155055764,0.5491348948280644,0.04443028966635915
8218.0,0.056189667247033226,0.06855909380769974,0.8752512389452669
8219.0,0.9173014476735538,0.04676301236103403,0.03593553996541202
8220.0,0.8935741016208792,0.02948235013987282,0.07694354823924796
8221.0,0.28361073460863523,0.01211978662260696,0.7042694787687578
8222.0,0.5276679859354598,0.00043859143288417415,0.471893422631656
8223.0,0.5476725828467023,0.016434835607870398,0.43589258154542737
8224.0,0.24928077032166165,0.372513915286624,0.37820531439171445
8225.0,0.16256170317570753,0.011310928430566875,0.8261273683937255
8226.0,0.10103116044825959,0.007327962655840098,0.8916408768959004
8227.0,0.7682713549938531,0.02363019369453159,0.20809845131161525
8228.0,0.7321151668080003,0.003782711878831878,0.26410212131316774
8229.0,0.25234753320261905,0.012361736471507056,0.7352907303258739
8230.0,0.7719480080487922,0.03437790450723104,0.19367408744397668
8231.0,0.6082539254643852,0.33223121822465995,0.05951485631095488
8232.0,0.15767116280423654,0.0032248431728230725,0.8391039940229402
8233.0,0.10800199356849537,0.020275873934650804,0.8717221324968538
8234.0,0.9260452782650156,0.0007033226393907412,0.07325139909559383
8235.0,0.3731818870989535,0.0014224865127128146,0.6253956263883335
8236.0,0.06483398192294444,0.013868205419433486,0.9212978126576223
8237.0,0.8365110427267856,0.008879395045553405,0.1546095622276612
8238.0,0.17913703947315968,0.0012037586302357992,0.8196592018966047
8239.0,0.015820666016998334,0.43500138052444026,0.5491779534585614
8240.0,0.822653277506744,0.0653541029991392,0.11199261949411685
8241.0,0.23571223696122742,0.011556712207909178,0.7527310508308631
8242.0,0.6834187683358435,0.009870899460113458,0.30671033220404326
8243.0,0.4389965325589644,0.03279615972196826,0.5282073077190675
8244.0,0.8125918114330608,0.0013962095785910855,0.186011978988348
8245.0,0.9112806352396559,0.013118777299954944,0.07560058746038943
8246.0,0.24740930446514267,0.06325927293316683,0.6893314226016903
8247.0,0.8690162933661401,0.09903274557020167,0.03195096106365824
8248.0,0.9016626295794283,0.02395304566197404,0.07438432475859731
8249.0,0.8518213014058532,0.016183569398715524,0.13199512919543127
8250.0,0.47453452255578704,0.44322199123992695,0.08224348620428573
8251.0,0.6505710184761074,0.0008423608763191946,0.34858662064757334
8252.0,0.2660095374207326,0.15002611437720087,0.5839643482020666
8253.0,0.8387987779184866,0.11232757759636643,0.04887364448514703
8254.0,0.5301456051176038,0.009753000786753261,0.4601013940956429
8255.0,0.4378197268946166,0.11259797933680638,0.44958229376857695
8256.0,0.8054586449457186,0.016608527133376978,0.1779328279209044
8257.0,0.9316185319610851,0.033826988694020774,0.0345544793448943
8258.0,0.23356664369275165,0.01232018151015085,0.7541131747970974
8259.0,0.13261013801958701,0.006529748169739822,0.8608601138106734
8260.0,0.8699939332740463,0.012482256292681463,0.11752381043327234
8261.0,0.8729334891365228,0.09544213575986649,0.031624375103610575
8262.0,0.8312341932602344,0.0010253394437686563,0.16774046729599693
8263.0,0.7323852781433448,0.24311098720519922,0.024503734651456114
8264.0,0.7320746253691963,0.01631206205140022,0.25161331257940334
8265.0,0.6763540373283181,0.13570308745116227,0.18794287522051958
8266.0,0.09870097836349294,0.004598305325578057,0.896700716310929
8267.0,0.9673621598793833,0.009010836249757766,0.023627003870859153
8268.0,0.8699032409297299,0.001784939468251441,0.12831181960201868
8269.0,0.818919864891088,0.011498415573430542,0.1695817195354817
8270.0,0.5206293850059771,0.07162152361145867,0.407749091382564
8271.0,0.7473780276021257,0.19216758513956866,0.060454387258305486
8272.0,0.9173178663319824,0.002894566288121145,0.07978756737989652
8273.0,0.6627075483707952,0.009936327087506634,0.3273561245416984
8274.0,0.8147660892415656,0.0341375205113224,0.15109639024711205
8275.0,0.20409075880350816,0.009386169564918263,0.7865230716315739
8276.0,0.17778393401271933,0.0076603341735682106,0.8145557318137123
8277.0,0.8729533670814426,0.0011815599021815202,0.1258650730163758
8278.0,0.7407288009597501,0.09774395904277355,0.16152723999747629
8279.0,0.807278472115781,0.00044973172641906534,0.1922717961578
8280.0,0.05664174354071047,0.10109868210725231,0.8422595743520371
8281.0,0.7582970335529073,0.08651687155793511,0.1551860948891575
8282.0,0.9298707836564053,0.01573103445908573,0.05439818188450891
8283.0,0.7111801021157339,0.020524541746627024,0.2682953561376392
8284.0,0.8699599472340882,0.0023532778893156974,0.12768677487659616
8285.0,0.06828237170404908,0.005046093553618507,0.9266715347423324
8286.0,0.9300174338440993,0.017366458078684182,0.05261610807721652
8287.0,0.4940057321409364,0.011206022364419541,0.4947882454946442
8288.0,0.8534174668575939,0.00110472165930903,0.14547781148309696
8289.0,0.12086216979861261,0.03302338354685856,0.8461144466545288
8290.0,0.0863937874083063,0.012247782409020566,0.9013584301826735
8291.0,0.5208608021625188,0.020488499218561728,0.4586506986189194
8292.0,0.7050775215410633,0.0026958993694244896,0.29222657908951205
8293.0,0.8035605745148138,0.005061475422717863,0.19137795006246824
8294.0,0.8738543521924521,0.008477057594715063,0.11766859021283287
8295.0,0.8874694311527986,0.07937244251815309,0.0331581263290484
8296.0,0.17741373935653912,0.01861047292949302,0.8039757877139678
8297.0,0.74704849989484,0.014053581074591379,0.23889791903056842
8298.0,0.9421384540325645,0.012679375062910725,0.04518217090452485
8299.0,0.9117354698465672,0.015258121965550651,0.07300640818788204
8300.0,0.7557180226869129,0.14288489385650355,0.10139708345658334
8301.0,0.3636960634529793,0.022838128652344674,0.6134658078946758
8302.0,0.12030977540109275,0.017230843633536313,0.8624593809653707
8303.0,0.85733795471378,0.02357649884448956,0.11908554644173033
8304.0,0.009099554794674052,0.015827777437091257,0.9750726677682346
8305.0,0.871016946192091,0.0032415702653711314,0.12574148354253772
8306.0,0.8005589449971336,0.0008316899218844978,0.19860936508098193
8307.0,0.1541197484272716,0.010503677579290965,0.8353765739934373
8308.0,0.7539260257392164,0.000655500188591431,0.24541847407219197
8309.0,0.21013118570744288,0.007755241303953739,0.7821135729886033
8310.0,0.9187673773929335,0.00023960893781449833,0.08099301366925223
8311.0,0.8996151492983447,0.0010183579709591413,0.09936649273069616
8312.0,0.806715242830829,0.037506047364515495,0.15577870980465533
8313.0,0.9403485618674607,0.020169837114083947,0.039481601018455305
8314.0,0.8861493903097567,0.0027418129076546183,0.11110879678258889
8315.0,0.7825704656129867,0.0692833532411553,0.14814618114585798
8316.0,0.6433856290253773,0.331634294277518,0.024980076697104652
8317.0,0.75341540820863,0.03464076997423673,0.21194382181713334
8318.0,0.2012359591963283,0.14550732668401692,0.6532567141196548
8319.0,0.07901207375925555,0.060305362470553014,0.8606825637701914
8320.0,0.8459395660200093,0.05445548615051536,0.0996049478294754
8321.0,0.6892744406395891,0.012542777644357269,0.2981827817160538
8322.0,0.15083276672511192,0.011316232772456783,0.8378510005024313
8323.0,0.1763274297444139,0.012738794722869868,0.8109337755327164
8324.0,0.15711882656035875,0.003513285873587489,0.8393678875660537
8325.0,0.8779989288736402,0.10586546630615092,0.016135604820208867
8326.0,0.8919110588875724,0.015788402417558356,0.09230053869486919
8327.0,0.9294246400213224,0.018767812706403184,0.051807547272274525
8328.0,0.14117619425163683,0.01022731307367263,0.8485964926746906
8329.0,0.917522195465793,0.005226706634808606,0.07725109789939859
8330.0,0.187982361488518,0.002488710293038629,0.8095289282184432
8331.0,0.8825663173136892,0.024617739209213927,0.09281594347709671
8332.0,0.02959895191512782,0.7611534866715549,0.20924756141331718
8333.0,0.7687006121976615,0.018522439833631093,0.21277694796870733
8334.0,0.4843139018432804,0.018538121947312997,0.4971479762094066
8335.0,0.917105307688434,0.009420784724827807,0.07347390758673816
8336.0,0.13516925497431362,0.005743341728127685,0.8590874032975586
8337.0,0.22308859914468016,0.009986993023316078,0.7669244078320038
8338.0,0.919682159431847,0.052168176115186704,0.02814966445296632
8339.0,0.22610668254232938,0.0377021827191688,0.7361911347385018
8340.0,0.8246822979408455,0.018889780507804734,0.15642792155135
8341.0,0.8318427894702479,0.10869579323331134,0.05946141729644102
8342.0,0.9196265166181959,0.03847929646097742,0.041894186920826776
8343.0,0.8037046052926827,0.0027627970404804207,0.19353259766683664
8344.0,0.3130307273197673,0.028278856495770437,0.6586904161844621
8345.0,0.9204676208409658,0.0007673061382692442,0.07876507302076478
8346.0,0.7023034740421782,0.0164836525854667,0.28121287337235507
8347.0,0.08023467172688672,0.09409648308253558,0.8256688451905777
8348.0,0.09273284427290641,0.15268672920244067,0.7545804265246528
8349.0,0.8315209328983041,0.01495362894637942,0.15352543815531658
8350.0,0.664576896429364,0.1315137668337903,0.20390933673684555
8351.0,0.31769968857408715,0.006902287700152676,0.6753980237257603
8352.0,0.9259618012744504,0.002693583051173115,0.07134461567437682
8353.0,0.09818253584683712,0.01191801067548809,0.889899453477675
8354.0,0.16178913225079639,0.006773771060377874,0.8314370966888258
8355.0,0.8732310482824013,0.0010218923351621228,0.12574705938243658
8356.0,0.813542477537385,0.008043687586174157,0.17841383487644075
8357.0,0.15724946226542746,0.005667984953554722,0.8370825527810177
8358.0,0.02776546706953648,0.022502727163740098,0.9497318057667234
8359.0,0.9339888687888622,0.0281850018037609,0.03782612940737685
8360.0,0.7773106660708115,0.05295216883798936,0.16973716509119938
8361.0,0.20082500391491626,0.005880815628950587,0.7932941804561331
8362.0,0.8182346898870414,0.0009346614848247189,0.1808306486281339
8363.0,0.24741421122528434,0.05817639588946166,0.6944093928852538
8364.0,0.9252739469579039,0.023723226118181975,0.051002826923914245
8365.0,0.45672434536629763,0.014735458382089995,0.5285401962516125
8366.0,0.21652711711020906,0.004568804222676696,0.7789040786671142
8367.0,0.44244032821268686,0.04245460844421865,0.5151050633430942
8368.0,0.8563411398278373,0.015019392675427417,0.12863946749673516
8369.0,0.11274136201184333,0.000980625542554576,0.886278012445602
8370.0,0.8717785583156857,0.005741473515228393,0.12247996816908588
8371.0,0.7456384918351777,0.01909412391037952,0.23526738425444255
8372.0,0.05339107500281394,0.013584216470573292,0.9330247085266129
8373.0,0.09006839179680418,0.005635321490886695,0.9042962867123092
8374.0,0.1434692777973318,0.002151129043920885,0.8543795931587473
8375.0,0.9118117339454035,0.0019828740570424753,0.0862053919975541
8376.0,0.167939915885993,0.018882658403984707,0.8131774257100225
8377.0,0.23412909896437079,0.649837926923211,0.11603297411241832
8378.0,0.611969690021426,0.3361384278705011,0.05189188210807292
8379.0,0.8693167104864955,0.03759439210470773,0.09308889740879679
8380.0,0.6277134285868061,0.086009375019762,0.2862771963934321
8381.0,0.926397540215079,0.02077901293195093,0.05282344685297006
8382.0,0.9027071425237508,0.005170736014246407,0.09212212146200283
8383.0,0.8455941738633818,0.003604336551900313,0.15080148958471787
8384.0,0.8441848525035512,0.006592513824740487,0.14922263367170818
8385.0,0.030549181458772452,0.48177408277670813,0.4876767357645194
8386.0,0.4374010991886698,0.002643242816805985,0.5599556579945244
8387.0,0.8876649212110324,0.0012082529918129893,0.11112682579715474
8388.0,0.835436444130716,0.0031882404890809825,0.16137531538020325
8389.0,0.24525470783133085,0.5554594042621676,0.19928588790650173
8390.0,0.16354435608184947,0.006211044854822713,0.8302445990633279
8391.0,0.38091431878486076,0.0017307457963767015,0.6173549354187624
8392.0,0.944891907474582,0.017256202172432816,0.03785189035298548
8393.0,0.8949591726652523,0.0293475622027898,0.07569326513195793
8394.0,0.3547269351150587,0.028647701735157877,0.6166253631497833
8395.0,0.35189399314298625,0.005257287785121674,0.6428487190718924
8396.0,0.7155837271048634,0.21898184368420218,0.06543442921093416
8397.0,0.8772668955656301,0.0015997419644862918,0.12113336246988377
8398.0,0.8794132436592668,0.02071426699518873,0.0998724893455443
8399.0,0.6484960772796761,0.0010289088983053165,0.3504750138220187
8400.0,0.16347341773005153,0.01250143536748346,0.824025146902465
8401.0,0.01742952795458018,0.43840112276405263,0.5441693492813674
8402.0,0.05334649672638012,0.05050037100423559,0.8961531322693843
8403.0,0.10920345091814086,0.024023461387839482,0.8667730876940195
8404.0,0.8464877534469636,0.003407791219567326,0.150104455333469
8405.0,0.0980722257321374,0.017857860376079723,0.884069913891783
8406.0,0.7600430187437596,0.0008127032410836641,0.23914427801515684
8407.0,0.7211436683349899,0.02069898202741357,0.25815734963759673
8408.0,0.5048779782700824,0.022017902847109794,0.4731041188828075
8409.0,0.17679437094146688,0.010402568421619504,0.8128030606369135
8410.0,0.03566901030995675,0.7752621597025687,0.18906882998747446
8411.0,0.7809494746034689,0.003150511074051618,0.2159000143224796
8412.0,0.14580079742278534,0.012333333720835709,0.8418658688563788
8413.0,0.05744504960602602,0.020626660730804495,0.9219282896631695
8414.0,0.8800793465329372,0.005672447019882369,0.11424820644718055
8415.0,0.8579668866520246,0.012704876715429735,0.12932823663254545
8416.0,0.8543324014637279,0.01650630018932246,0.12916129834694975
8417.0,0.5753803109054023,0.0022689207395648844,0.4223507683550328
8418.0,0.7713099375695609,0.016050627038369233,0.21263943539207
8419.0,0.15157747636659688,0.020248966950945507,0.8281735566824576
8420.0,0.5292336721398299,0.0008966252602227544,0.4698697025999476
8421.0,0.04664493638169756,0.00919743028106357,0.9441576333372388
8422.0,0.8934766839932448,0.003943858279252789,0.10257945772750239
8423.0,0.8121016811221612,0.00441789469269625,0.18348042418514277
8424.0,0.24459571900232105,0.014900798660588022,0.7405034823370906
8425.0,0.7588064399607196,0.0057102232427133975,0.23548333679656686
8426.0,0.09171717768072332,0.01064939985651518,0.8976334224627617
8427.0,0.16147300609246365,0.03229647715459381,0.8062305167529424
8428.0,0.8002061083221141,0.008665503299086068,0.1911283883787999
8429.0,0.9447934013062235,0.011068929085969806,0.04413766960780671
8430.0,0.756296695850196,0.20653527998988308,0.03716802415992081
8431.0,0.13691320941069077,0.01004666120651328,0.8530401293827959
8432.0,0.2815355792110939,0.04154673228323079,0.6769176885056754
8433.0,0.6662531340298047,0.24790995202021654,0.08583691394997911
8434.0,0.09070641978068059,0.030835163119934825,0.8784584170993848
8435.0,0.7764258384610986,0.005305353749629216,0.21826880778927235
8436.0,0.26861804965997543,0.0363570504000381,0.6950248999399864
8437.0,0.06588240068445643,0.0024787342441535604,0.9316388650713899
8438.0,0.789744581724115,0.15908947000692858,0.051165948268956304
8439.0,0.7717324088143885,0.010600519543200992,0.2176670716424106
8440.0,0.09665221743114605,0.8905280123721672,0.012819770196686793
8441.0,0.09986763985065139,0.007727396730304674,0.8924049634190439
8442.0,0.8771259535159104,0.0738378495268474,0.04903619695724229
8443.0,0.8674285426139619,0.0039824171526306636,0.12858904023340734
8444.0,0.8525728886314288,0.005150901535578909,0.14227620983299236
8445.0,0.9654397282704563,0.003762882141129525,0.030797389588414218
8446.0,0.5683709844395399,0.002706649602663654,0.42892236595779637
8447.0,0.1964533402624314,0.0060372901380035555,0.7975093695995651
8448.0,0.7318358501314114,0.012561544588237347,0.2556026052803512
8449.0,0.3507314975579465,0.09902493075114195,0.5502435716909115
8450.0,0.17514859661946083,0.6211228910740453,0.20372851230649372
8451.0,0.8675087055729793,0.014250095224512918,0.1182411992025077
8452.0,0.908519774054549,0.020796882461388905,0.07068334348406209
8453.0,0.6833585428982991,0.013654059585775131,0.30298739751592546
8454.0,0.6859264407938638,0.011803920511247686,0.3022696386948885
8455.0,0.1783831789769676,0.07661599229953125,0.7450008287235009
8456.0,0.4362727735737847,0.022203627411987246,0.5415235990142281
8457.0,0.7524816970932077,0.026383875442118516,0.2211344274646737
8458.0,0.6367321714521467,0.12509297596915525,0.23817485257869803
8459.0,0.8522277377765232,0.03446894698131201,0.1133033152421648
8460.0,0.8833132848442452,0.07072135181578863,0.04596536333996601
8461.0,0.11549009442245126,0.009141711219604512,0.8753681943579441
8462.0,0.5851115872546446,0.35664973782774023,0.05823867491761522
8463.0,0.09610638390873388,0.0034424569830426217,0.9004511591082235
8464.0,0.7708641570532592,0.012686623471529589,0.21644921947521137
8465.0,0.3913929374518241,0.0027771009951681365,0.6058299615530078
8466.0,0.3462788433723134,0.5496040693352309,0.10411708729245589
8467.0,0.763023304116031,0.0037923199575042874,0.2331843759264646
8468.0,0.0622148908635181,0.025460942550459765,0.9123241665860222
8469.0,0.18889312727026888,0.006949299549849244,0.8041575731798819
8470.0,0.3079733395013184,0.12704680796323406,0.5649798525354478
8471.0,0.7752200189053655,0.09202399793819667,0.13275598315643777
8472.0,0.7926180614340165,0.013561640629831296,0.19382029793615202
8473.0,0.9051288040878692,0.054047312893769926,0.040823883018360776
8474.0,0.7993559232882111,0.02050141558797592,0.18014266112381275
8475.0,0.11263458058549193,0.009016388341030752,0.8783490310734773
8476.0,0.8687211125985561,0.020331770140561655,0.11094711726088197
8477.0,0.8027400201407785,0.08538100735283036,0.11187897250639106
8478.0,0.9150652670185153,0.03883492478945591,0.04609980819202872
8479.0,0.8420360375120758,0.00914831363285674,0.14881564885506757
8480.0,0.9167529038463837,0.0321728418668139,0.05107425428680244
8481.0,0.44929906202033204,0.4949848933403909,0.05571604463927704
8482.0,0.17238459083313204,0.004934815588287678,0.8226805935785803
8483.0,0.1757844082164483,0.007171702173128781,0.817043889610423
8484.0,0.7231023979677116,0.0013861247110424993,0.27551147732124565
8485.0,0.8933349009168978,0.025422402231256715,0.08124269685184526
8486.0,0.046206271866068606,0.0009058061822304908,0.9528879219517009
8487.0,0.881069559976207,0.016763285777236892,0.10216715424655606
8488.0,0.9039071992243235,0.008283921727023996,0.08780887904865266
8489.0,0.5781426110016479,0.043385507425754886,0.3784718815725974
8490.0,0.10203799066102351,0.0031408939020466944,0.8948211154369297
8491.0,0.11080285702056226,0.018123115897762936,0.8710740270816748
8492.0,0.6498716198639943,0.25552810822142885,0.0946002719145768
8493.0,0.6795610136355003,0.009653050190583129,0.3107859361739164
8494.0,0.7762396128023736,0.0164585021868667,0.20730188501075947
8495.0,0.8944689303145434,0.025776765981500926,0.07975430370395574
8496.0,0.9243270452616951,0.035803793263725445,0.0398691614745795
8497.0,0.925186926431892,0.02441470976306167,0.050398363805046364
8498.0,0.09118203238283377,0.00530955405195847,0.9035084135652077
8499.0,0.8043231562726437,0.0015440274576522357,0.19413281626970405
8500.0,0.8912128125754493,0.026929161005152708,0.0818580264193982
8501.0,0.46677864470679964,0.009708389578621574,0.5235129657145787
8502.0,0.1649378153381812,0.013888792499216327,0.8211733921626025
8503.0,0.8659757753158577,0.07375829882173798,0.060265925862404535
8504.0,0.05470080357143245,0.0009191700143165294,0.9443800264142511
8505.0,0.8156322937273024,0.003766285734656543,0.18060142053804099
